    0.000000000    0.000000000    0.000000000    0.000000000    0.000000000    0.000000000
    0.000000000    0.000414933    0.000451439    0.000000000    0.005409254    0.003705413
    0.000000000    0.000668877    0.000256355    0.000000000    0.000456390    0.003726546
    0.000000000    0.000661335    0.000163692    0.000000000    0.001952187    0.000357457
    0.000000000    0.000543674    0.000095502    0.000000000    0.003251131    0.001107875
    0.000000000    0.000398617    0.000052492    0.000000000    0.001821017    0.000016464
    0.000000000    0.000248607    0.000019511    0.000000000    0.000860921    0.000057929
    0.000000000    0.000114885    0.000006854    0.000000000    0.000000000    0.000000000
    0.000000000    0.000114885    0.000006854    0.000000000    0.000000000    0.000000000
    0.000000000    0.000248607    0.000019511    0.000000000    0.000860921    0.000057929
    0.000000000    0.000398617    0.000052492    0.000000000    0.001821017    0.000016464
    0.000000000    0.000543674    0.000095502    0.000000000    0.003251131    0.001107875
    0.000000000    0.000661335    0.000163692    0.000000000    0.001952187    0.000357457
    0.000000000    0.000668877    0.000256355    0.000000000    0.000456390    0.003726546
    0.000000000    0.000414933    0.000451439    0.000000000    0.005409254    0.003705413
    0.000000000    0.000414932    0.000451439    0.000000000    0.005409308    0.003705440
    0.000000000    0.000434088    0.000335570    0.000000000    0.000923807    0.005661401
    0.000000000    0.000207979    0.000050370    0.000000000    0.002539883    0.002182706
    0.000000000    0.000240991    0.000117807    0.000000000    0.000879423    0.000291236
    0.000000000    0.000273792    0.000118622    0.000000000    0.001620909    0.000238307
    0.000000000    0.000146627    0.000095920    0.000000000    0.000609212    0.000060465
    0.000000000    0.000059969    0.000019864    0.000000000    0.000000005    0.000000000
    0.000000000    0.000059969    0.000019864    0.000000000    0.000000005    0.000000000
    0.000000000    0.000146628    0.000095920    0.000000000    0.000609212    0.000060465
    0.000000000    0.000273792    0.000118622    0.000000000    0.001620912    0.000238307
    0.000000000    0.000240991    0.000117807    0.000000000    0.000879425    0.000291236
    0.000000000    0.000207979    0.000050370    0.000000000    0.002539881    0.002182707
    0.000000000    0.000434087    0.000335569    0.000000000    0.000938728    0.005648282
    0.000000000    0.000414932    0.000451439    0.000000000    0.005472585    0.003737603
    0.000000000    0.000668877    0.000256355    0.000000000    0.000456390    0.003726546
    0.000000000    0.000207979    0.000050370    0.000000000    0.002539883    0.002182706
    0.000000000    0.000093713    0.000294293    0.000000000    0.001545211    0.000922521
    0.000000000    0.000127949    0.000008867    0.000000000    0.003195775    0.000258176
    0.000000000    0.000057384    0.000157962    0.000000000    0.001104550    0.000150261
    0.000000000    0.000092727    0.000140599    0.000000000    0.000002824    0.000000003
    0.000000000    0.000092727    0.000140599    0.000000000    0.000002824    0.000000003
    0.000000000    0.000057384    0.000157962    0.000000000    0.001104552    0.000150261
    0.000000000    0.000127949    0.000008867    0.000000000    0.003195776    0.000258176
    0.000000000    0.000093713    0.000294293    0.000000000    0.001545209    0.000922520
    0.000000000    0.000207979    0.000050370    0.000000000    0.002539881    0.002182706
    0.000000000    0.000668877    0.000256355    0.000000000    0.000456391    0.003726548
    0.000000000    0.000434087    0.000335569    0.000000000    0.000938741    0.005648271
    0.000000000    0.000661335    0.000163692    0.000000000    0.001952187    0.000357457
    0.000000000    0.000240991    0.000117807    0.000000000    0.000879423    0.000291236
    0.000000000    0.000127949    0.000008867    0.000000000    0.003195775    0.000258176
    0.000000000    0.000094369    0.000173155    0.000000000    0.000326915    0.000043360
    0.000000000    0.000002848    0.000084069    0.000000000    0.000002501    0.000000049
    0.000000000    0.000002848    0.000084070    0.000000000    0.000002501    0.000000049
    0.000000000    0.000094369    0.000173155    0.000000000    0.000326916    0.000043360
    0.000000000    0.000127948    0.000008867    0.000000000    0.003195776    0.000258176
    0.000000000    0.000240991    0.000117807    0.000000000    0.000879423    0.000291236
    0.000000000    0.000661335    0.000163692    0.000000000    0.001952188    0.000357459
    0.000000000    0.000207979    0.000050370    0.000000000    0.002539881    0.002182706
    0.000000000    0.000207979    0.000050370    0.000000000    0.002539881    0.002182707
    0.000000000    0.000543674    0.000095502    0.000000000    0.003251131    0.001107875
    0.000000000    0.000273792    0.000118622    0.000000000    0.001620909    0.000238307
    0.000000000    0.000057384    0.000157962    0.000000000    0.001104550    0.000150261
    0.000000000    0.000002848    0.000084069    0.000000000    0.000002501    0.000000049
    0.000000000    0.000002848    0.000084070    0.000000000    0.000002501    0.000000049
    0.000000000    0.000057384    0.000157962    0.000000000    0.001104552    0.000150261
    0.000000000    0.000273792    0.000118622    0.000000000    0.001620912    0.000238308
    0.000000000    0.000543674    0.000095502    0.000000000    0.003251131    0.001107875
    0.000000000    0.000240991    0.000117807    0.000000000    0.000879423    0.000291236
    0.000000000    0.000093713    0.000294293    0.000000000    0.001545209    0.000922520
    0.000000000    0.000240991    0.000117807    0.000000000    0.000879425    0.000291236
    0.000000000    0.000398617    0.000052492    0.000000000    0.001821017    0.000016464
    0.000000000    0.000146627    0.000095920    0.000000000    0.000609212    0.000060465
    0.000000000    0.000092727    0.000140599    0.000000000    0.000002824    0.000000003
    0.000000000    0.000092727    0.000140599    0.000000000    0.000002824    0.000000003
    0.000000000    0.000146627    0.000095920    0.000000000    0.000609212    0.000060465
    0.000000000    0.000398617    0.000052492    0.000000000    0.001821017    0.000016464
    0.000000000    0.000273792    0.000118622    0.000000000    0.001620912    0.000238308
    0.000000000    0.000127948    0.000008867    0.000000000    0.003195776    0.000258176
    0.000000000    0.000127949    0.000008867    0.000000000    0.003195776    0.000258176
    0.000000000    0.000273792    0.000118622    0.000000000    0.001620912    0.000238307
    0.000000000    0.000248607    0.000019511    0.000000000    0.000860921    0.000057929
    0.000000000    0.000059969    0.000019864    0.000000000    0.000000005    0.000000000
    0.000000000    0.000059969    0.000019864    0.000000000    0.000000005    0.000000000
    0.000000000    0.000248608    0.000019511    0.000000000    0.000860921    0.000057929
    0.000000000    0.000146627    0.000095920    0.000000000    0.000609212    0.000060465
    0.000000000    0.000057384    0.000157962    0.000000000    0.001104552    0.000150261
    0.000000000    0.000094369    0.000173155    0.000000000    0.000326916    0.000043360
    0.000000000    0.000057384    0.000157962    0.000000000    0.001104552    0.000150261
    0.000000000    0.000146628    0.000095920    0.000000000    0.000609212    0.000060465
    0.000000000    0.000114885    0.000006854    0.000000000    0.000000000    0.000000000
    0.000000000    0.000114885    0.000006854    0.000000000    0.000000000    0.000000000
    0.000000000    0.000059969    0.000019864    0.000000000    0.000000005    0.000000000
    0.000000000    0.000092727    0.000140599    0.000000000    0.000002824    0.000000003
    0.000000000    0.000002848    0.000084070    0.000000000    0.000002501    0.000000049
    0.000000000    0.000002848    0.000084070    0.000000000    0.000002501    0.000000049
    0.000000000    0.000092727    0.000140599    0.000000000    0.000002824    0.000000003
    0.000000000    0.000059969    0.000019864    0.000000000    0.000000005    0.000000000
    0.000000000    0.000000000    0.000000001    0.000000000    0.000000000    0.000000000
    0.000000000    0.000000000    0.000004161    0.000000523    0.000000956    0.000000071
    0.000000000    0.000000000    0.000010863    0.000026208    0.000094627    0.000013733
    0.000000000    0.000000000    0.000002776    0.000030637    0.000100149    0.000016328
    0.000000000    0.000000000    0.000000003    0.000000537    0.000001612    0.000000129
    0.000000000    0.000000000    0.000000000    0.000000000    0.000000000    0.000000000
    0.000000000    0.000000000    0.000000003    0.000000537    0.000001612    0.000000129
    0.000000000    0.000000000    0.000002776    0.000030637    0.000100149    0.000016328
    0.000000000    0.000000000    0.000010863    0.000026208    0.000094627    0.000013733
    0.000000000    0.000000000    0.000004161    0.000000523    0.000000956    0.000000071
    0.000000000    0.000000000    0.000000001    0.000000000    0.000000000    0.000000000
    0.000000000    0.000000000    0.000000379    0.000000000    0.000000003    0.000000000
    0.000000000    0.000000000    0.000010391    0.000012232    0.000805693    0.000025562
    0.000000000    0.000000000    0.000013451    0.000001505    0.000013350    0.000000866
    0.000000000    0.000000000    0.000002071    0.000020527    0.000592104    0.000087253
    0.000000000    0.000000000    0.000005315    0.000018702    0.000594460    0.000082456
    0.000000000    0.000000000    0.000004469    0.000135854    0.002250739    0.000409934
    0.000000000    0.000000000    0.000004469    0.000135855    0.002250739    0.000409934
    0.000000000    0.000000000    0.000005315    0.000018702    0.000594460    0.000082456
    0.000000000    0.000000000    0.000002071    0.000020527    0.000592104    0.000087253
    0.000000000    0.000000000    0.000013451    0.000001505    0.000013350    0.000000866
    0.000000000    0.000000000    0.000010391    0.000012232    0.000805693    0.000025562
    0.000000000    0.000000000    0.000000379    0.000000000    0.000000003    0.000000000
    0.000000000    0.000000000    0.000000002    0.000000000    0.000000000    0.000000000
    0.000000000    0.000000000    0.000054421    0.000003847    0.000954375    0.000004793
    0.000000000    0.000000000    0.000033002    0.000022537    0.000232189    0.000022522
    0.000000000    0.000000000    0.000016795    0.000037750    0.000112425    0.000013559
    0.000000000    0.000000000    0.000005623    0.000059414    0.000559177    0.000065615
    0.000000000    0.000000000    0.000004417    0.000077310    0.000354981    0.000026742
    0.000000000    0.000000000    0.000004141    0.000234460    0.001007857    0.000037058
    0.000000000    0.000000000    0.000004417    0.000077310    0.000354981    0.000026742
    0.000000000    0.000000000    0.000005623    0.000059414    0.000559179    0.000065616
    0.000000000    0.000000000    0.000016795    0.000037750    0.000112425    0.000013559
    0.000000000    0.000000000    0.000033002    0.000022537    0.000232190    0.000022523
    0.000000000    0.000000000    0.000054421    0.000003846    0.000954374    0.000004793
    0.000000000    0.000000000    0.000000002    0.000000000    0.000000000    0.000000000
    0.000000000    0.000000000    0.000000379    0.000000000    0.000000003    0.000000000
    0.000000000    0.000000000    0.000054421    0.000003847    0.000954375    0.000004793
    0.000000000    0.000000000    0.000000001    0.000000014    0.000004576    0.000000351
    0.000000000    0.000000000    0.000023139    0.000011669    0.001218067    0.000016301
    0.000000000    0.000000000    0.000023203    0.000074350    0.000708056    0.000026968
    0.000000000    0.000000000    0.000010825    0.000266637    0.001244394    0.000087513
    0.000000000    0.000000000    0.000005686    0.000355731    0.001681528    0.000097406
    0.000000000    0.000000000    0.000005686    0.000355730    0.001681526    0.000097406
    0.000000000    0.000000000    0.000010825    0.000266637    0.001244395    0.000087513
    0.000000000    0.000000000    0.000023203    0.000074350    0.000708056    0.000026968
    0.000000000    0.000000000    0.000023139    0.000011669    0.001218066    0.000016301
    0.000000000    0.000000000    0.000000001    0.000000014    0.000004576    0.000000351
    0.000000000    0.000000000    0.000054421    0.000003846    0.000954374    0.000004793
    0.000000000    0.000000000    0.000000379    0.000000000    0.000000003    0.000000000
    0.000000000    0.000000000    0.000000001    0.000000000    0.000000000    0.000000000
    0.000000000    0.000000000    0.000010391    0.000012232    0.000805693    0.000025562
    0.000000000    0.000000000    0.000033002    0.000022537    0.000232189    0.000022522
    0.000000000    0.000000000    0.000023139    0.000011669    0.001218067    0.000016301
    0.000000000    0.000000000    0.000000039    0.000006543    0.000100311    0.000014450
    0.000000000    0.000000000    0.000009714    0.000187989    0.001222620    0.000074368
    0.000000000    0.000000000    0.000005148    0.000814975    0.001348238    0.000040025
    0.000000000    0.000000000    0.000008651    0.000439368    0.000493584    0.000004743
    0.000000000    0.000000000    0.000005148    0.000814976    0.001348239    0.000040025
    0.000000000    0.000000000    0.000009714    0.000187989    0.001222623    0.000074368
    0.000000000    0.000000000    0.000000039    0.000006543    0.000100311    0.000014450
    0.000000000    0.000000000    0.000023139    0.000011669    0.001218066    0.000016301
    0.000000000    0.000000000    0.000033002    0.000022537    0.000232190    0.000022523
    0.000000000    0.000000000    0.000010391    0.000012232    0.000805693    0.000025562
    0.000000000    0.000000000    0.000000001    0.000000000    0.000000000    0.000000000
    0.000000000    0.000000000    0.000004161    0.000000523    0.000000956    0.000000071
    0.000000000    0.000000000    0.000013451    0.000001505    0.000013350    0.000000866
    0.000000000    0.000000000    0.000016795    0.000037750    0.000112425    0.000013559
    0.000000000    0.000000000    0.000023203    0.000074350    0.000708056    0.000026968
    0.000000000    0.000000000    0.000009714    0.000187989    0.001222620    0.000074368
    0.000000000    0.000000000    0.000004174    0.000571962    0.000907283    0.000059349
    0.000000000    0.000000000    0.000003596    0.001969785    0.000939900    0.000015706
    0.000000000    0.000000000    0.000003399    0.002126230    0.000784804    0.000013861
    0.000000000    0.000000000    0.000004174    0.000571962    0.000907284    0.000059349
    0.000000000    0.000000000    0.000009714    0.000187989    0.001222621    0.000074368
    0.000000000    0.000000000    0.000023203    0.000074350    0.000708056    0.000026968
    0.000000000    0.000000000    0.000016795    0.000037750    0.000112425    0.000013559
    0.000000000    0.000000000    0.000013451    0.000001505    0.000013350    0.000000866
    0.000000000    0.000000000    0.000004161    0.000000523    0.000000956    0.000000071
    0.000000000    0.000000000    0.000010863    0.000026208    0.000094627    0.000013733
    0.000000000    0.000000000    0.000002071    0.000020527    0.000592104    0.000087253
    0.000000000    0.000000000    0.000005623    0.000059414    0.000559177    0.000065615
    0.000000000    0.000000000    0.000010825    0.000266637    0.001244394    0.000087513
    0.000000000    0.000000000    0.000005148    0.000814975    0.001348238    0.000040025
    0.000000000    0.000000000    0.000003596    0.001969883    0.000939803    0.000015708
    0.000000000    0.000000000    0.000000003    0.000000273    0.000000273    0.000000000
    0.000000000    0.000000000    0.000003619    0.002241756    0.000671109    0.000015755
    0.000000000    0.000000000    0.000005148    0.000814975    0.001348238    0.000040025
    0.000000000    0.000000000    0.000010825    0.000266637    0.001244397    0.000087513
    0.000000000    0.000000000    0.000005623    0.000059414    0.000559179    0.000065616
    0.000000000    0.000000000    0.000002071    0.000020527    0.000592104    0.000087253
    0.000000000    0.000000000    0.000010863    0.000026208    0.000094627    0.000013733
    0.000000000    0.000000000    0.000002776    0.000030637    0.000100149    0.000016328
    0.000000000    0.000000000    0.000005315    0.000018702    0.000594460    0.000082456
    0.000000000    0.000000000    0.000004417    0.000077310    0.000354981    0.000026742
    0.000000000    0.000000000    0.000005686    0.000355731    0.001681528    0.000097406
    0.000000000    0.000000000    0.000008651    0.000439368    0.000493584    0.000004743
    0.000000000    0.000000000    0.000003399    0.002126461    0.000784576    0.000013861
    0.000000000    0.000000000    0.000003619    0.002241889    0.000670977    0.000015754
    0.000000000    0.000000000    0.000008651    0.000439368    0.000493584    0.000004743
    0.000000000    0.000000000    0.000005686    0.000355730    0.001681527    0.000097406
    0.000000000    0.000000000    0.000004417    0.000077310    0.000354981    0.000026742
    0.000000000    0.000000000    0.000005315    0.000018702    0.000594460    0.000082456
    0.000000000    0.000000000    0.000002776    0.000030637    0.000100149    0.000016328
    0.000000000    0.000000000    0.000000003    0.000000537    0.000001612    0.000000129
    0.000000000    0.000000000    0.000004469    0.000135854    0.002250739    0.000409934
    0.000000000    0.000000000    0.000004141    0.000234460    0.001007857    0.000037058
    0.000000000    0.000000000    0.000005686    0.000355730    0.001681526    0.000097406
    0.000000000    0.000000000    0.000005148    0.000814976    0.001348239    0.000040025
    0.000000000    0.000000000    0.000004174    0.000571962    0.000907284    0.000059349
    0.000000000    0.000000000    0.000005148    0.000814975    0.001348238    0.000040025
    0.000000000    0.000000000    0.000005686    0.000355730    0.001681527    0.000097406
    0.000000000    0.000000000    0.000004141    0.000234460    0.001007857    0.000037058
    0.000000000    0.000000000    0.000004469    0.000135854    0.002250739    0.000409934
    0.000000000    0.000000000    0.000000003    0.000000537    0.000001612    0.000000129
    0.000000000    0.000000000    0.000000000    0.000000000    0.000000000    0.000000000
    0.000000000    0.000000000    0.000004469    0.000135855    0.002250739    0.000409934
    0.000000000    0.000000000    0.000004417    0.000077310    0.000354981    0.000026742
    0.000000000    0.000000000    0.000010825    0.000266637    0.001244395    0.000087513
    0.000000000    0.000000000    0.000009714    0.000187989    0.001222623    0.000074368
    0.000000000    0.000000000    0.000009714    0.000187989    0.001222621    0.000074368
    0.000000000    0.000000000    0.000010825    0.000266637    0.001244397    0.000087513
    0.000000000    0.000000000    0.000004417    0.000077310    0.000354981    0.000026742
    0.000000000    0.000000000    0.000004469    0.000135854    0.002250739    0.000409934
    0.000000000    0.000000000    0.000000000    0.000000000    0.000000000    0.000000000
    0.000000000    0.000000000    0.000000003    0.000000537    0.000001612    0.000000129
    0.000000000    0.000000000    0.000005315    0.000018702    0.000594460    0.000082456
    0.000000000    0.000000000    0.000005623    0.000059414    0.000559179    0.000065616
    0.000000000    0.000000000    0.000023203    0.000074350    0.000708056    0.000026968
    0.000000000    0.000000000    0.000000039    0.000006543    0.000100311    0.000014450
    0.000000000    0.000000000    0.000023203    0.000074350    0.000708056    0.000026968
    0.000000000    0.000000000    0.000005623    0.000059414    0.000559179    0.000065616
    0.000000000    0.000000000    0.000005315    0.000018702    0.000594460    0.000082456
    0.000000000    0.000000000    0.000000003    0.000000537    0.000001612    0.000000129
    0.000000000    0.000000000    0.000002776    0.000030637    0.000100149    0.000016328
    0.000000000    0.000000000    0.000002071    0.000020527    0.000592104    0.000087253
    0.000000000    0.000000000    0.000016795    0.000037750    0.000112425    0.000013559
    0.000000000    0.000000000    0.000023139    0.000011669    0.001218066    0.000016301
    0.000000000    0.000000000    0.000023139    0.000011669    0.001218066    0.000016301
    0.000000000    0.000000000    0.000016795    0.000037750    0.000112425    0.000013559
    0.000000000    0.000000000    0.000002071    0.000020527    0.000592104    0.000087253
    0.000000000    0.000000000    0.000002776    0.000030637    0.000100149    0.000016328
    0.000000000    0.000000000    0.000010863    0.000026208    0.000094627    0.000013733
    0.000000000    0.000000000    0.000013451    0.000001505    0.000013350    0.000000866
    0.000000000    0.000000000    0.000033002    0.000022537    0.000232190    0.000022523
    0.000000000    0.000000000    0.000000001    0.000000014    0.000004576    0.000000351
    0.000000000    0.000000000    0.000033002    0.000022537    0.000232190    0.000022523
    0.000000000    0.000000000    0.000013451    0.000001505    0.000013350    0.000000866
    0.000000000    0.000000000    0.000010863    0.000026208    0.000094627    0.000013733
    0.000000000    0.000000000    0.000004161    0.000000523    0.000000956    0.000000071
    0.000000000    0.000000000    0.000010391    0.000012232    0.000805693    0.000025562
    0.000000000    0.000000000    0.000054421    0.000003846    0.000954374    0.000004793
    0.000000000    0.000000000    0.000054421    0.000003846    0.000954374    0.000004793
    0.000000000    0.000000000    0.000010391    0.000012232    0.000805693    0.000025562
    0.000000000    0.000000000    0.000004161    0.000000523    0.000000956    0.000000071
    0.000000000    0.000000000    0.000000001    0.000000000    0.000000000    0.000000000
    0.000000000    0.000000000    0.000000379    0.000000000    0.000000003    0.000000000
    0.000000000    0.000000000    0.000000002    0.000000000    0.000000000    0.000000000
    0.000000000    0.000000000    0.000000379    0.000000000    0.000000003    0.000000000
    0.000000000    0.000000000    0.000000001    0.000000000    0.000000000    0.000000000
    0.000000000    0.000000000    0.000000001    0.000000000    0.000000000    0.000000000
    0.000000000    0.000000000    0.000000379    0.000000000    0.000000003    0.000000000
    0.000000000    0.000000000    0.000000002    0.000000000    0.000000000    0.000000000
    0.000000000    0.000000000    0.000000379    0.000000000    0.000000003    0.000000000
    0.000000000    0.000000000    0.000000001    0.000000000    0.000000000    0.000000000
    0.000000000    0.000000000    0.000004161    0.000000523    0.000000956    0.000000071
    0.000000000    0.000000000    0.000010391    0.000012232    0.000805693    0.000025562
    0.000000000    0.000000000    0.000054421    0.000003846    0.000954374    0.000004793
    0.000000000    0.000000000    0.000054421    0.000003846    0.000954374    0.000004793
    0.000000000    0.000000000    0.000010391    0.000012232    0.000805693    0.000025562
    0.000000000    0.000000000    0.000004161    0.000000523    0.000000956    0.000000071
    0.000000000    0.000000000    0.000010863    0.000026208    0.000094627    0.000013733
    0.000000000    0.000000000    0.000013451    0.000001505    0.000013350    0.000000866
    0.000000000    0.000000000    0.000033002    0.000022537    0.000232190    0.000022523
    0.000000000    0.000000000    0.000000001    0.000000014    0.000004576    0.000000351
    0.000000000    0.000000000    0.000033002    0.000022537    0.000232190    0.000022523
    0.000000000    0.000000000    0.000013451    0.000001505    0.000013350    0.000000866
    0.000000000    0.000000000    0.000010863    0.000026208    0.000094627    0.000013733
    0.000000000    0.000000000    0.000002776    0.000030637    0.000100149    0.000016328
    0.000000000    0.000000000    0.000002071    0.000020527    0.000592104    0.000087253
    0.000000000    0.000000000    0.000016795    0.000037750    0.000112425    0.000013559
    0.000000000    0.000000000    0.000023139    0.000011669    0.001218066    0.000016301
    0.000000000    0.000000000    0.000023139    0.000011669    0.001218066    0.000016301
    0.000000000    0.000000000    0.000016795    0.000037750    0.000112425    0.000013559
    0.000000000    0.000000000    0.000002071    0.000020527    0.000592104    0.000087253
    0.000000000    0.000000000    0.000002776    0.000030637    0.000100149    0.000016328
    0.000000000    0.000000000    0.000000003    0.000000537    0.000001612    0.000000129
    0.000000000    0.000000000    0.000005315    0.000018702    0.000594460    0.000082456
    0.000000000    0.000000000    0.000005623    0.000059414    0.000559179    0.000065616
    0.000000000    0.000000000    0.000023203    0.000074350    0.000708056    0.000026968
    0.000000000    0.000000000    0.000000039    0.000006543    0.000100311    0.000014450
    0.000000000    0.000000000    0.000023203    0.000074350    0.000708056    0.000026968
    0.000000000    0.000000000    0.000005623    0.000059414    0.000559179    0.000065616
    0.000000000    0.000000000    0.000005315    0.000018702    0.000594460    0.000082456
    0.000000000    0.000000000    0.000000003    0.000000537    0.000001612    0.000000129
    0.000000000    0.000000000    0.000000000    0.000000000    0.000000000    0.000000000
    0.000000000    0.000000000    0.000004469    0.000135854    0.002250739    0.000409934
    0.000000000    0.000000000    0.000004417    0.000077310    0.000354981    0.000026742
    0.000000000    0.000000000    0.000010825    0.000266637    0.001244397    0.000087513
    0.000000000    0.000000000    0.000009714    0.000187989    0.001222621    0.000074368
    0.000000000    0.000000000    0.000009714    0.000187989    0.001222623    0.000074368
    0.000000000    0.000000000    0.000010825    0.000266637    0.001244395    0.000087513
    0.000000000    0.000000000    0.000004417    0.000077310    0.000354981    0.000026742
    0.000000000    0.000000000    0.000004469    0.000135855    0.002250739    0.000409934
    0.000000000    0.000000000    0.000000000    0.000000000    0.000000000    0.000000000
    0.000000000    0.000000000    0.000000003    0.000000537    0.000001612    0.000000129
    0.000000000    0.000000000    0.000004469    0.000135854    0.002250739    0.000409934
    0.000000000    0.000000000    0.000004141    0.000234460    0.001007857    0.000037058
    0.000000000    0.000000000    0.000005686    0.000355730    0.001681527    0.000097406
    0.000000000    0.000000000    0.000005148    0.000814975    0.001348238    0.000040025
    0.000000000    0.000000000    0.000004174    0.000571962    0.000907284    0.000059349
    0.000000000    0.000000000    0.000005148    0.000814976    0.001348239    0.000040025
    0.000000000    0.000000000    0.000005686    0.000355730    0.001681526    0.000097406
    0.000000000    0.000000000    0.000004141    0.000234460    0.001007857    0.000037058
    0.000000000    0.000000000    0.000004469    0.000135854    0.002250739    0.000409934
    0.000000000    0.000000000    0.000000003    0.000000537    0.000001612    0.000000129
    0.000000000    0.000000000    0.000002776    0.000030637    0.000100149    0.000016328
    0.000000000    0.000000000    0.000005315    0.000018702    0.000594460    0.000082456
    0.000000000    0.000000000    0.000004417    0.000077310    0.000354981    0.000026742
    0.000000000    0.000000000    0.000005686    0.000355730    0.001681527    0.000097406
    0.000000000    0.000000000    0.000008651    0.000439368    0.000493584    0.000004743
    0.000000000    0.000000000    0.000003619    0.002241889    0.000670977    0.000015754
    0.000000000    0.000000000    0.000003399    0.002126461    0.000784576    0.000013861
    0.000000000    0.000000000    0.000008651    0.000439368    0.000493584    0.000004743
    0.000000000    0.000000000    0.000005686    0.000355731    0.001681528    0.000097406
    0.000000000    0.000000000    0.000004417    0.000077310    0.000354981    0.000026742
    0.000000000    0.000000000    0.000005315    0.000018702    0.000594460    0.000082456
    0.000000000    0.000000000    0.000002776    0.000030637    0.000100149    0.000016328
    0.000000000    0.000000000    0.000010863    0.000026208    0.000094627    0.000013733
    0.000000000    0.000000000    0.000002071    0.000020527    0.000592104    0.000087253
    0.000000000    0.000000000    0.000005623    0.000059414    0.000559179    0.000065616
    0.000000000    0.000000000    0.000010825    0.000266637    0.001244397    0.000087513
    0.000000000    0.000000000    0.000005148    0.000814975    0.001348238    0.000040025
    0.000000000    0.000000000    0.000003619    0.002241756    0.000671109    0.000015755
    0.000000000    0.000000000    0.000000003    0.000000273    0.000000273    0.000000000
    0.000000000    0.000000000    0.000003596    0.001969883    0.000939803    0.000015708
    0.000000000    0.000000000    0.000005148    0.000814975    0.001348238    0.000040025
    0.000000000    0.000000000    0.000010825    0.000266637    0.001244394    0.000087513
    0.000000000    0.000000000    0.000005623    0.000059414    0.000559177    0.000065615
    0.000000000    0.000000000    0.000002071    0.000020527    0.000592104    0.000087253
    0.000000000    0.000000000    0.000010863    0.000026208    0.000094627    0.000013733
    0.000000000    0.000000000    0.000004161    0.000000523    0.000000956    0.000000071
    0.000000000    0.000000000    0.000013451    0.000001505    0.000013350    0.000000866
    0.000000000    0.000000000    0.000016795    0.000037750    0.000112425    0.000013559
    0.000000000    0.000000000    0.000023203    0.000074350    0.000708056    0.000026968
    0.000000000    0.000000000    0.000009714    0.000187989    0.001222621    0.000074368
    0.000000000    0.000000000    0.000004174    0.000571962    0.000907284    0.000059349
    0.000000000    0.000000000    0.000003399    0.002126230    0.000784804    0.000013861
    0.000000000    0.000000000    0.000003596    0.001969785    0.000939900    0.000015706
    0.000000000    0.000000000    0.000004174    0.000571962    0.000907283    0.000059349
    0.000000000    0.000000000    0.000009714    0.000187989    0.001222620    0.000074368
    0.000000000    0.000000000    0.000023203    0.000074350    0.000708056    0.000026968
    0.000000000    0.000000000    0.000016795    0.000037750    0.000112425    0.000013559
    0.000000000    0.000000000    0.000013451    0.000001505    0.000013350    0.000000866
    0.000000000    0.000000000    0.000004161    0.000000523    0.000000956    0.000000071
    0.000000000    0.000000000    0.000000001    0.000000000    0.000000000    0.000000000
    0.000000000    0.000000000    0.000010391    0.000012232    0.000805693    0.000025562
    0.000000000    0.000000000    0.000033002    0.000022537    0.000232190    0.000022523
    0.000000000    0.000000000    0.000023139    0.000011669    0.001218066    0.000016301
    0.000000000    0.000000000    0.000000039    0.000006543    0.000100311    0.000014450
    0.000000000    0.000000000    0.000009714    0.000187989    0.001222623    0.000074368
    0.000000000    0.000000000    0.000005148    0.000814976    0.001348239    0.000040025
    0.000000000    0.000000000    0.000008651    0.000439368    0.000493584    0.000004743
    0.000000000    0.000000000    0.000005148    0.000814975    0.001348238    0.000040025
    0.000000000    0.000000000    0.000009714    0.000187989    0.001222620    0.000074368
    0.000000000    0.000000000    0.000000039    0.000006543    0.000100311    0.000014450
    0.000000000    0.000000000    0.000023139    0.000011669    0.001218067    0.000016301
    0.000000000    0.000000000    0.000033002    0.000022537    0.000232189    0.000022522
    0.000000000    0.000000000    0.000010391    0.000012232    0.000805693    0.000025562
    0.000000000    0.000000000    0.000000001    0.000000000    0.000000000    0.000000000
    0.000000000    0.000000000    0.000000379    0.000000000    0.000000003    0.000000000
    0.000000000    0.000000000    0.000054421    0.000003846    0.000954374    0.000004793
    0.000000000    0.000000000    0.000000001    0.000000014    0.000004576    0.000000351
    0.000000000    0.000000000    0.000023139    0.000011669    0.001218066    0.000016301
    0.000000000    0.000000000    0.000023203    0.000074350    0.000708056    0.000026968
    0.000000000    0.000000000    0.000010825    0.000266637    0.001244395    0.000087513
    0.000000000    0.000000000    0.000005686    0.000355730    0.001681526    0.000097406
    0.000000000    0.000000000    0.000005686    0.000355731    0.001681528    0.000097406
    0.000000000    0.000000000    0.000010825    0.000266637    0.001244394    0.000087513
    0.000000000    0.000000000    0.000023203    0.000074350    0.000708056    0.000026968
    0.000000000    0.000000000    0.000023139    0.000011669    0.001218067    0.000016301
    0.000000000    0.000000000    0.000000001    0.000000014    0.000004576    0.000000351
    0.000000000    0.000000000    0.000054421    0.000003847    0.000954375    0.000004793
    0.000000000    0.000000000    0.000000379    0.000000000    0.000000003    0.000000000
    0.000000000    0.000000000    0.000000002    0.000000000    0.000000000    0.000000000
    0.000000000    0.000000000    0.000054421    0.000003846    0.000954374    0.000004793
    0.000000000    0.000000000    0.000033002    0.000022537    0.000232190    0.000022523
    0.000000000    0.000000000    0.000016795    0.000037750    0.000112425    0.000013559
    0.000000000    0.000000000    0.000005623    0.000059414    0.000559179    0.000065616
    0.000000000    0.000000000    0.000004417    0.000077310    0.000354981    0.000026742
    0.000000000    0.000000000    0.000004141    0.000234460    0.001007857    0.000037058
    0.000000000    0.000000000    0.000004417    0.000077310    0.000354981    0.000026742
    0.000000000    0.000000000    0.000005623    0.000059414    0.000559177    0.000065615
    0.000000000    0.000000000    0.000016795    0.000037750    0.000112425    0.000013559
    0.000000000    0.000000000    0.000033002    0.000022537    0.000232189    0.000022522
    0.000000000    0.000000000    0.000054421    0.000003847    0.000954375    0.000004793
    0.000000000    0.000000000    0.000000002    0.000000000    0.000000000    0.000000000
    0.000000000    0.000000000    0.000000379    0.000000000    0.000000003    0.000000000
    0.000000000    0.000000000    0.000010391    0.000012232    0.000805693    0.000025562
    0.000000000    0.000000000    0.000013451    0.000001505    0.000013350    0.000000866
    0.000000000    0.000000000    0.000002071    0.000020527    0.000592104    0.000087253
    0.000000000    0.000000000    0.000005315    0.000018702    0.000594460    0.000082456
    0.000000000    0.000000000    0.000004469    0.000135855    0.002250739    0.000409934
    0.000000000    0.000000000    0.000004469    0.000135854    0.002250739    0.000409934
    0.000000000    0.000000000    0.000005315    0.000018702    0.000594460    0.000082456
    0.000000000    0.000000000    0.000002071    0.000020527    0.000592104    0.000087253
    0.000000000    0.000000000    0.000013451    0.000001505    0.000013350    0.000000866
    0.000000000    0.000000000    0.000010391    0.000012232    0.000805693    0.000025562
    0.000000000    0.000000000    0.000000379    0.000000000    0.000000003    0.000000000
    0.000000000    0.000000000    0.000000001    0.000000000    0.000000000    0.000000000
    0.000000000    0.000000000    0.000004161    0.000000523    0.000000956    0.000000071
    0.000000000    0.000000000    0.000010863    0.000026208    0.000094627    0.000013733
    0.000000000    0.000000000    0.000002776    0.000030637    0.000100149    0.000016328
    0.000000000    0.000000000    0.000000003    0.000000537    0.000001612    0.000000129
    0.000000000    0.000000000    0.000000000    0.000000000    0.000000000    0.000000000
    0.000000000    0.000000000    0.000000003    0.000000537    0.000001612    0.000000129
    0.000000000    0.000000000    0.000002776    0.000030637    0.000100149    0.000016328
    0.000000000    0.000000000    0.000010863    0.000026208    0.000094627    0.000013733
    0.000000000    0.000000000    0.000004161    0.000000523    0.000000956    0.000000071
    0.000000000    0.000000000    0.000000001    0.000000000    0.000000000    0.000000000
    0.000000000    0.000114885    0.000006854    0.000000000    0.000000000    0.000000000
    0.000000000    0.000059969    0.000019864    0.000000000    0.000000005    0.000000000
    0.000000000    0.000092727    0.000140599    0.000000000    0.000002824    0.000000003
    0.000000000    0.000002848    0.000084070    0.000000000    0.000002501    0.000000049
    0.000000000    0.000002848    0.000084070    0.000000000    0.000002501    0.000000049
    0.000000000    0.000092727    0.000140599    0.000000000    0.000002824    0.000000003
    0.000000000    0.000059969    0.000019864    0.000000000    0.000000005    0.000000000
    0.000000000    0.000114885    0.000006854    0.000000000    0.000000000    0.000000000
    0.000000000    0.000248607    0.000019511    0.000000000    0.000860921    0.000057929
    0.000000000    0.000146628    0.000095920    0.000000000    0.000609212    0.000060465
    0.000000000    0.000057384    0.000157962    0.000000000    0.001104552    0.000150261
    0.000000000    0.000094369    0.000173155    0.000000000    0.000326916    0.000043360
    0.000000000    0.000057384    0.000157962    0.000000000    0.001104552    0.000150261
    0.000000000    0.000146627    0.000095920    0.000000000    0.000609212    0.000060465
    0.000000000    0.000248608    0.000019511    0.000000000    0.000860921    0.000057929
    0.000000000    0.000059969    0.000019864    0.000000000    0.000000005    0.000000000
    0.000000000    0.000059969    0.000019864    0.000000000    0.000000005    0.000000000
    0.000000000    0.000398617    0.000052492    0.000000000    0.001821017    0.000016464
    0.000000000    0.000273792    0.000118622    0.000000000    0.001620912    0.000238307
    0.000000000    0.000127949    0.000008867    0.000000000    0.003195776    0.000258176
    0.000000000    0.000127948    0.000008867    0.000000000    0.003195776    0.000258176
    0.000000000    0.000273792    0.000118622    0.000000000    0.001620912    0.000238308
    0.000000000    0.000398617    0.000052492    0.000000000    0.001821017    0.000016464
    0.000000000    0.000146627    0.000095920    0.000000000    0.000609212    0.000060465
    0.000000000    0.000092727    0.000140599    0.000000000    0.000002824    0.000000003
    0.000000000    0.000092727    0.000140599    0.000000000    0.000002824    0.000000003
    0.000000000    0.000146627    0.000095920    0.000000000    0.000609212    0.000060465
    0.000000000    0.000543674    0.000095502    0.000000000    0.003251131    0.001107875
    0.000000000    0.000240991    0.000117807    0.000000000    0.000879425    0.000291236
    0.000000000    0.000093713    0.000294293    0.000000000    0.001545209    0.000922520
    0.000000000    0.000240991    0.000117807    0.000000000    0.000879423    0.000291236
    0.000000000    0.000543674    0.000095502    0.000000000    0.003251131    0.001107875
    0.000000000    0.000273792    0.000118622    0.000000000    0.001620912    0.000238308
    0.000000000    0.000057384    0.000157962    0.000000000    0.001104552    0.000150261
    0.000000000    0.000002848    0.000084070    0.000000000    0.000002501    0.000000049
    0.000000000    0.000002848    0.000084069    0.000000000    0.000002501    0.000000049
    0.000000000    0.000057384    0.000157962    0.000000000    0.001104550    0.000150261
    0.000000000    0.000273792    0.000118622    0.000000000    0.001620909    0.000238307
    0.000000000    0.000661335    0.000163692    0.000000000    0.001952187    0.000357457
    0.000000000    0.000207979    0.000050370    0.000000000    0.002539881    0.002182707
    0.000000000    0.000207979    0.000050370    0.000000000    0.002539881    0.002182706
    0.000000000    0.000661335    0.000163692    0.000000000    0.001952188    0.000357459
    0.000000000    0.000240991    0.000117807    0.000000000    0.000879423    0.000291236
    0.000000000    0.000127948    0.000008867    0.000000000    0.003195776    0.000258176
    0.000000000    0.000094369    0.000173155    0.000000000    0.000326916    0.000043360
    0.000000000    0.000002848    0.000084070    0.000000000    0.000002501    0.000000049
    0.000000000    0.000002848    0.000084069    0.000000000    0.000002501    0.000000049
    0.000000000    0.000094369    0.000173155    0.000000000    0.000326915    0.000043360
    0.000000000    0.000127949    0.000008867    0.000000000    0.003195775    0.000258176
    0.000000000    0.000240991    0.000117807    0.000000000    0.000879423    0.000291236
    0.000000000    0.000668877    0.000256355    0.000000000    0.000456390    0.003726546
    0.000000000    0.000434087    0.000335569    0.000000000    0.000938741    0.005648271
    0.000000000    0.000668877    0.000256355    0.000000000    0.000456391    0.003726548
    0.000000000    0.000207979    0.000050370    0.000000000    0.002539881    0.002182706
    0.000000000    0.000093713    0.000294293    0.000000000    0.001545209    0.000922520
    0.000000000    0.000127949    0.000008867    0.000000000    0.003195776    0.000258176
    0.000000000    0.000057384    0.000157962    0.000000000    0.001104552    0.000150261
    0.000000000    0.000092727    0.000140599    0.000000000    0.000002824    0.000000003
    0.000000000    0.000092727    0.000140599    0.000000000    0.000002824    0.000000003
    0.000000000    0.000057384    0.000157962    0.000000000    0.001104550    0.000150261
    0.000000000    0.000127949    0.000008867    0.000000000    0.003195775    0.000258176
    0.000000000    0.000093713    0.000294293    0.000000000    0.001545211    0.000922521
    0.000000000    0.000207979    0.000050370    0.000000000    0.002539883    0.002182706
    0.000000000    0.000414932    0.000451439    0.000000000    0.005409308    0.003705440
    0.000000000    0.000414932    0.000451439    0.000000000    0.005472585    0.003737603
    0.000000000    0.000434087    0.000335569    0.000000000    0.000938728    0.005648282
    0.000000000    0.000207979    0.000050370    0.000000000    0.002539881    0.002182707
    0.000000000    0.000240991    0.000117807    0.000000000    0.000879425    0.000291236
    0.000000000    0.000273792    0.000118622    0.000000000    0.001620912    0.000238307
    0.000000000    0.000146628    0.000095920    0.000000000    0.000609212    0.000060465
    0.000000000    0.000059969    0.000019864    0.000000000    0.000000005    0.000000000
    0.000000000    0.000059969    0.000019864    0.000000000    0.000000005    0.000000000
    0.000000000    0.000146627    0.000095920    0.000000000    0.000609212    0.000060465
    0.000000000    0.000273792    0.000118622    0.000000000    0.001620909    0.000238307
    0.000000000    0.000240991    0.000117807    0.000000000    0.000879423    0.000291236
    0.000000000    0.000207979    0.000050370    0.000000000    0.002539883    0.002182706
    0.000000000    0.000434088    0.000335570    0.000000000    0.000923807    0.005661401
