                22
          14           2
          22           2
          23           2
          30           2
          31           1
          31           2
          32           2
          38           2
          39           2
          40           2
          41           2
          51           2
          52           2
          53           2
          54           2
          60           2
          61           1
          61           2
          62           2
          69           2
          70           2
          78           2
